              precision    recall  f1-score   support

       Blank     1.0000    1.0000    1.0000      3134
           1     0.9963    0.9866    0.9914      3284
           2     0.9580    0.9873    0.9724      3143
           3     0.9836    0.9755    0.9796      3144
           4     0.9868    0.9836    0.9852      3117
           5     0.9830    0.9944    0.9886      3020
           6     0.9784    0.9851    0.9818      3088
           7     0.9914    0.9899    0.9907      3160
           8     0.9968    0.9885    0.9926      3121
           9     0.9909    0.9742    0.9825      3134

    accuracy                         0.9865     31345
   macro avg     0.9865    0.9865    0.9865     31345
weighted avg     0.9866    0.9865    0.9865     31345
