              precision    recall  f1-score   support

           1     0.9930    0.9930    0.9930      1284
           2     0.9887    0.9956    0.9922      1143
           3     0.9947    0.9913    0.9930      1144
           4     0.9902    0.9946    0.9924      1117
           5     0.9864    0.9971    0.9917      1020
           6     0.9963    0.9899    0.9931      1088
           7     0.9905    0.9879    0.9892      1160
           8     0.9885    0.9938    0.9911      1121
           9     0.9946    0.9806    0.9876      1134

    accuracy                         0.9915     10211
   macro avg     0.9914    0.9915    0.9915     10211
weighted avg     0.9915    0.9915    0.9915     10211
